# Residuals   
# Time        	Ux            	Uy            	Uz            	p             
0             	N/A           	N/A           	N/A           	N/A           
1             	1.000000e+00	1.000000e+00	1.000000e+00	1.000000e+00
2             	3.283075e-01	5.597256e-01	5.598438e-01	5.467358e-01
3             	1.363696e-01	2.134085e-01	2.131057e-01	6.791455e-01
4             	4.027776e-02	6.126107e-02	6.164684e-02	4.078877e-01
5             	8.216505e-02	2.283095e-01	2.289138e-01	5.900734e-01
6             	5.340333e-02	1.570415e-01	1.564951e-01	7.075396e-01
7             	3.630637e-02	1.008811e-01	1.013117e-01	3.297557e-01
8             	4.260361e-02	1.240421e-01	1.239323e-01	4.750236e-01
9             	2.286327e-02	4.332833e-02	4.342755e-02	6.198639e-01
10            	2.115693e-02	4.914830e-02	4.952332e-02	2.746396e-01
11            	1.988279e-02	5.681797e-02	5.681279e-02	4.844795e-01
12            	1.162843e-02	1.617170e-02	1.636639e-02	3.579551e-01
13            	1.427036e-02	4.009119e-02	4.023910e-02	2.037808e-01
14            	1.137196e-02	3.164154e-02	3.157375e-02	3.009115e-01
15            	7.856725e-03	1.630654e-02	1.649137e-02	3.618283e-01
16            	8.413268e-03	1.841562e-02	1.849689e-02	2.194678e-01
17            	6.917292e-03	1.154958e-02	1.152242e-02	2.792131e-01
18            	6.761337e-03	1.026898e-02	1.033521e-02	1.440919e-01
19            	6.748133e-03	1.493959e-02	1.496238e-02	1.053758e-01
20            	5.560641e-03	1.119281e-02	1.122570e-02	1.261935e-01
21            	4.988331e-03	9.109717e-03	9.167784e-03	1.162479e-01
22            	4.944404e-03	7.595222e-03	7.600706e-03	1.022900e-01
23            	4.762870e-03	6.264326e-03	6.262588e-03	7.687267e-02
24            	4.694485e-03	7.301802e-03	7.313670e-03	5.404464e-02
25            	4.395676e-03	7.668060e-03	7.666841e-03	4.675719e-02
26            	4.031333e-03	6.934062e-03	6.943165e-03	4.305690e-02
27            	3.876412e-03	6.163966e-03	6.170928e-03	3.921706e-02
28            	3.789254e-03	5.567812e-03	5.565018e-03	3.353787e-02
29            	3.709634e-03	5.507062e-03	5.508508e-03	2.636376e-02
30            	3.605754e-03	5.661658e-03	5.660986e-03	2.417843e-02
31            	3.456622e-03	5.549887e-03	5.546829e-03	2.258317e-02
32            	3.327638e-03	5.234841e-03	5.233248e-03	1.969384e-02
33            	3.226938e-03	4.936510e-03	4.935037e-03	1.809494e-02
34            	3.147021e-03	4.770826e-03	4.770692e-03	1.581526e-02
35            	3.077695e-03	4.709083e-03	4.708862e-03	1.457633e-02
36            	3.003249e-03	4.644441e-03	4.642859e-03	1.438531e-02
37            	2.925344e-03	4.523475e-03	4.521750e-03	1.365063e-02
38            	2.847224e-03	4.374265e-03	4.373098e-03	1.273013e-02
39            	2.775600e-03	4.240623e-03	4.239700e-03	1.193811e-02
40            	2.714483e-03	4.137353e-03	4.136517e-03	1.096439e-02
41            	2.658310e-03	4.062289e-03	4.061107e-03	1.057600e-02
42            	2.601429e-03	4.002012e-03	4.000669e-03	1.041747e-02
43            	2.541848e-03	3.946911e-03	3.945775e-03	1.119869e-02
44            	2.497766e-03	3.760361e-03	3.758925e-03	1.070437e-02
45            	2.455808e-03	3.582789e-03	3.580784e-03	9.598812e-03
46            	2.409925e-03	3.497025e-03	3.495152e-03	9.119607e-03
47            	2.362307e-03	3.472486e-03	3.471080e-03	8.525810e-03
48            	2.317419e-03	3.437550e-03	3.436380e-03	8.133226e-03
49            	2.276421e-03	3.355281e-03	3.354056e-03	8.047615e-03
50            	2.237970e-03	3.253604e-03	3.252253e-03	7.731313e-03
51            	2.200495e-03	3.166778e-03	3.165426e-03	7.471667e-03
52            	2.163366e-03	3.106352e-03	3.105143e-03	7.866711e-03
53            	2.135029e-03	2.954962e-03	2.954110e-03	7.464097e-03
54            	2.104640e-03	2.840581e-03	2.840031e-03	6.981625e-03
55            	2.070017e-03	2.809039e-03	2.808493e-03	6.913525e-03
56            	2.035259e-03	2.810269e-03	2.809618e-03	6.724249e-03
57            	2.003540e-03	2.783485e-03	2.782808e-03	6.667448e-03
58            	1.974840e-03	2.714753e-03	2.714108e-03	6.551281e-03
59            	1.947048e-03	2.635852e-03	2.635314e-03	6.245451e-03
60            	1.918698e-03	2.577073e-03	2.576620e-03	5.969394e-03
61            	1.890091e-03	2.539958e-03	2.539476e-03	5.762828e-03
62            	1.862448e-03	2.504728e-03	2.504169e-03	5.636197e-03
63            	1.836188e-03	2.457993e-03	2.457428e-03	5.529014e-03
64            	1.810872e-03	2.403742e-03	2.403220e-03	5.421720e-03
65            	1.785911e-03	2.352593e-03	2.352118e-03	5.288200e-03
66            	1.761165e-03	2.308840e-03	2.308401e-03	5.176762e-03
67            	1.736865e-03	2.268684e-03	2.268278e-03	5.072476e-03
68            	1.713153e-03	2.227088e-03	2.226694e-03	4.995565e-03
69            	1.690121e-03	2.183367e-03	2.182976e-03	4.946642e-03
70            	1.667608e-03	2.139838e-03	2.139480e-03	4.918003e-03
71            	1.645445e-03	2.098944e-03	2.098634e-03	4.870720e-03
72            	1.623652e-03	2.060270e-03	2.060020e-03	4.809761e-03
73            	1.602254e-03	2.022156e-03	2.021917e-03	4.744098e-03
74            	1.581285e-03	1.983673e-03	1.983425e-03	4.666007e-03
75            	1.560697e-03	1.945422e-03	1.945199e-03	4.578773e-03
76            	1.540435e-03	1.908332e-03	1.908148e-03	4.479965e-03
77            	1.520462e-03	1.872565e-03	1.872428e-03	4.394776e-03
78            	1.500815e-03	1.837445e-03	1.837328e-03	4.330442e-03
79            	1.481508e-03	1.802572e-03	1.802455e-03	4.271133e-03
80            	1.462517e-03	1.768214e-03	1.768102e-03	4.211127e-03
81            	1.443817e-03	1.734613e-03	1.734504e-03	4.143010e-03
82            	1.425390e-03	1.700929e-03	1.700819e-03	4.059491e-03
83            	1.407230e-03	1.672318e-03	1.672216e-03	3.982078e-03
84            	1.389334e-03	1.642820e-03	1.642738e-03	3.931929e-03
85            	1.371674e-03	1.610926e-03	1.610877e-03	3.883509e-03
86            	1.354229e-03	1.578375e-03	1.578344e-03	3.824180e-03
87            	1.336970e-03	1.548083e-03	1.548043e-03	3.770006e-03
88            	1.319945e-03	1.519947e-03	1.519901e-03	3.723880e-03
89            	1.303168e-03	1.492834e-03	1.492793e-03	3.684808e-03
90            	1.286628e-03	1.465701e-03	1.465682e-03	3.647486e-03
91            	1.270285e-03	1.438316e-03	1.438333e-03	3.610604e-03
92            	1.254097e-03	1.411178e-03	1.411217e-03	3.573155e-03
93            	1.238066e-03	1.384776e-03	1.384817e-03	3.539135e-03
94            	1.222201e-03	1.359461e-03	1.359512e-03	3.506793e-03
95            	1.206522e-03	1.335017e-03	1.335059e-03	3.473924e-03
96            	1.191023e-03	1.310874e-03	1.310923e-03	3.435003e-03
97            	1.175700e-03	1.286792e-03	1.286846e-03	3.392831e-03
98            	1.160545e-03	1.263136e-03	1.263180e-03	3.345411e-03
99            	1.145548e-03	1.240264e-03	1.240302e-03	3.307486e-03
100           	1.130682e-03	1.218140e-03	1.218175e-03	3.280179e-03
101           	1.115966e-03	1.196471e-03	1.196510e-03	3.251349e-03
102           	1.101413e-03	1.175115e-03	1.175156e-03	3.227665e-03
103           	1.087015e-03	1.154095e-03	1.154138e-03	3.202657e-03
104           	1.072760e-03	1.133555e-03	1.133608e-03	3.178291e-03
105           	1.058639e-03	1.113531e-03	1.113597e-03	3.150055e-03
106           	1.044649e-03	1.093995e-03	1.094064e-03	3.123596e-03
107           	1.030794e-03	1.074852e-03	1.074902e-03	3.093044e-03
108           	1.017079e-03	1.056122e-03	1.056161e-03	3.057785e-03
109           	1.003498e-03	1.037817e-03	1.037868e-03	3.027939e-03
110           	9.900273e-04	1.019938e-03	1.019991e-03	3.007262e-03
111           	9.766743e-04	1.002576e-03	1.002624e-03	2.989922e-03
112           	9.634542e-04	9.856087e-04	9.856517e-04	2.968318e-03
113           	9.503756e-04	9.690102e-04	9.690392e-04	2.945004e-03
114           	9.374154e-04	9.526676e-04	9.526851e-04	2.920047e-03
115           	9.245771e-04	9.366486e-04	9.366454e-04	2.892704e-03
116           	9.118617e-04	9.209824e-04	9.209866e-04	2.862679e-03
117           	8.992726e-04	9.057561e-04	9.057763e-04	2.836367e-03
118           	8.868098e-04	8.909185e-04	8.909322e-04	2.805312e-03
119           	8.744643e-04	8.763878e-04	8.764049e-04	2.765410e-03
120           	8.622415e-04	8.622415e-04	8.622536e-04	2.745476e-03
121           	8.501382e-04	8.484448e-04	8.484454e-04	2.732487e-03
122           	8.381476e-04	8.349500e-04	8.349476e-04	2.721851e-03
123           	8.262747e-04	8.217715e-04	8.217685e-04	2.711374e-03
124           	8.145187e-04	8.088980e-04	8.088975e-04	2.702789e-03
125           	8.028846e-04	7.963322e-04	7.963332e-04	2.688133e-03
126           	7.913687e-04	7.840535e-04	7.840497e-04	2.669789e-03
127           	7.799616e-04	7.720114e-04	7.719978e-04	2.648620e-03
128           	7.686661e-04	7.602765e-04	7.602657e-04	2.625468e-03
129           	7.574878e-04	7.488429e-04	7.488425e-04	2.603876e-03
130           	7.464294e-04	7.376818e-04	7.376824e-04	2.582133e-03
131           	7.354898e-04	7.267493e-04	7.267295e-04	2.567256e-03
132           	7.246612e-04	7.160383e-04	7.160291e-04	2.549417e-03
133           	7.139396e-04	7.056108e-04	7.056066e-04	2.532371e-03
134           	7.033249e-04	6.955262e-04	6.955310e-04	2.510471e-03
135           	6.928169e-04	6.857383e-04	6.857537e-04	2.490032e-03
136           	6.824169e-04	6.762327e-04	6.762579e-04	2.466541e-03
137           	6.721261e-04	6.669772e-04	6.670167e-04	2.441558e-03
138           	6.619390e-04	6.580161e-04	6.580743e-04	2.414800e-03
139           	6.518569e-04	6.493881e-04	6.494683e-04	2.387930e-03
140           	6.418792e-04	6.411644e-04	6.412739e-04	2.360321e-03
141           	6.320023e-04	6.334051e-04	6.335457e-04	2.334402e-03
142           	6.222255e-04	6.261489e-04	6.263445e-04	2.309168e-03
143           	6.125493e-04	6.194799e-04	6.197355e-04	2.286086e-03
144           	6.029686e-04	6.136643e-04	6.139872e-04	2.265483e-03
145           	5.934746e-04	6.091651e-04	6.095780e-04	2.476548e-03
146           	5.846614e-04	5.759238e-04	5.761340e-04	2.423672e-03
147           	5.759403e-04	5.473639e-04	5.473270e-04	2.255850e-03
148           	5.669252e-04	5.412514e-04	5.411364e-04	2.266996e-03
149           	5.577222e-04	5.486659e-04	5.486113e-04	2.194326e-03
150           	5.486340e-04	5.501624e-04	5.502246e-04	2.175937e-03
151           	5.398630e-04	5.385393e-04	5.386679e-04	2.183598e-03
152           	5.313522e-04	5.219598e-04	5.220746e-04	2.132674e-03
153           	5.229014e-04	5.107196e-04	5.107716e-04	2.087520e-03
154           	5.144396e-04	5.067300e-04	5.067644e-04	2.065879e-03
155           	5.060135e-04	5.042270e-04	5.042663e-04	2.039727e-03
156           	4.977137e-04	4.979681e-04	4.980316e-04	2.024535e-03
157           	4.895858e-04	4.882929e-04	4.883867e-04	2.147830e-03
158           	4.818325e-04	4.650987e-04	4.651853e-04	2.036349e-03
159           	4.740818e-04	4.509047e-04	4.509194e-04	1.965872e-03
160           	4.662068e-04	4.515635e-04	4.515155e-04	1.961455e-03
161           	4.583316e-04	4.556122e-04	4.555587e-04	1.906185e-03
162           	4.506156e-04	4.526137e-04	4.525956e-04	1.910784e-03
163           	4.431165e-04	4.426263e-04	4.426212e-04	1.900452e-03
164           	4.357790e-04	4.321025e-04	4.320992e-04	1.865165e-03
165           	4.285131e-04	4.258045e-04	4.257738e-04	1.844543e-03
166           	4.212950e-04	4.225830e-04	4.225360e-04	1.824021e-03
167           	4.141561e-04	4.187859e-04	4.187269e-04	1.807928e-03
168           	4.071313e-04	4.126516e-04	4.125891e-04	1.787159e-03
169           	4.002273e-04	4.054622e-04	4.053924e-04	1.762177e-03
170           	3.934095e-04	3.989621e-04	3.988718e-04	1.737686e-03
171           	3.866664e-04	3.937530e-04	3.936488e-04	1.717431e-03
172           	3.800009e-04	3.889200e-04	3.888162e-04	1.696068e-03
173           	3.734222e-04	3.835107e-04	3.834117e-04	1.673013e-03
174           	3.669451e-04	3.775243e-04	3.774317e-04	1.647801e-03
175           	3.605811e-04	3.716444e-04	3.715492e-04	1.622505e-03
176           	3.543164e-04	3.662343e-04	3.661325e-04	1.600236e-03
177           	3.481415e-04	3.611253e-04	3.610261e-04	1.583619e-03
178           	3.420556e-04	3.559249e-04	3.558373e-04	1.568095e-03
179           	3.360584e-04	3.505295e-04	3.504411e-04	1.550873e-03
180           	3.301482e-04	3.451236e-04	3.450277e-04	1.531144e-03
181           	3.243240e-04	3.399026e-04	3.398103e-04	1.509415e-03
182           	3.185856e-04	3.348636e-04	3.347865e-04	1.487848e-03
183           	3.129319e-04	3.298744e-04	3.298104e-04	1.470226e-03
184           	3.073616e-04	3.248410e-04	3.247729e-04	1.457699e-03
185           	3.018751e-04	3.197812e-04	3.196960e-04	1.447539e-03
186           	2.964674e-04	3.148324e-04	3.147389e-04	1.440002e-03
187           	2.911365e-04	3.099944e-04	3.099026e-04	1.429775e-03
188           	2.858855e-04	3.052147e-04	3.051224e-04	1.417666e-03
189           	2.807143e-04	3.004439e-04	3.003580e-04	1.403302e-03
190           	2.756229e-04	2.956857e-04	2.955971e-04	1.386299e-03
191           	2.706109e-04	2.909764e-04	2.908789e-04	1.371102e-03
192           	2.656784e-04	2.863548e-04	2.862547e-04	1.358090e-03
193           	2.608224e-04	2.818009e-04	2.816948e-04	1.342211e-03
194           	2.560431e-04	2.772676e-04	2.771607e-04	1.326224e-03
195           	2.513410e-04	2.728165e-04	2.727122e-04	1.305409e-03
196           	2.467169e-04	2.684066e-04	2.683069e-04	1.284373e-03
197           	2.421684e-04	2.640130e-04	2.639070e-04	1.262549e-03
198           	2.376926e-04	2.596747e-04	2.595699e-04	1.244801e-03
199           	2.332879e-04	2.554052e-04	2.553025e-04	1.222380e-03
200           	2.289538e-04	2.511913e-04	2.510838e-04	1.204901e-03
201           	2.246906e-04	2.470152e-04	2.469116e-04	1.185921e-03
202           	2.204983e-04	2.429123e-04	2.428050e-04	1.173080e-03
203           	2.163747e-04	2.389123e-04	2.388050e-04	1.155370e-03
204           	2.123179e-04	2.349525e-04	2.348421e-04	1.139436e-03
205           	2.083247e-04	2.310327e-04	2.309175e-04	1.114977e-03
206           	2.044002e-04	2.271195e-04	2.270142e-04	1.095239e-03
207           	2.005358e-04	2.232473e-04	2.231245e-04	1.068161e-03
208           	1.967436e-04	2.193975e-04	2.192805e-04	1.050519e-03
209           	1.930045e-04	2.156140e-04	2.154841e-04	1.022910e-03
210           	1.893428e-04	2.119329e-04	2.118112e-04	1.009377e-03
211           	1.857253e-04	2.082644e-04	2.081401e-04	9.888433e-04
212           	1.821960e-04	2.046764e-04	2.045627e-04	9.794490e-04
213           	1.786981e-04	2.010837e-04	2.009676e-04	9.558542e-04
214           	1.753046e-04	1.975894e-04	1.974883e-04	9.468584e-04
215           	1.719223e-04	1.941085e-04	1.939997e-04	9.225689e-04
216           	1.686537e-04	1.907370e-04	1.906399e-04	9.157633e-04
217           	1.653809e-04	1.873685e-04	1.872683e-04	8.916314e-04
218           	1.622335e-04	1.840745e-04	1.839897e-04	8.849396e-04
219           	1.590695e-04	1.808030e-04	1.807134e-04	8.596075e-04
220           	1.560404e-04	1.775911e-04	1.775164e-04	8.544801e-04
221           	1.529885e-04	1.744442e-04	1.743727e-04	8.311656e-04
222           	1.500679e-04	1.713180e-04	1.712607e-04	8.275504e-04
223           	1.471250e-04	1.682936e-04	1.682388e-04	8.071896e-04
224           	1.443064e-04	1.652421e-04	1.651956e-04	8.026483e-04
225           	1.414694e-04	1.623422e-04	1.622995e-04	7.834273e-04
226           	1.387490e-04	1.593659e-04	1.593335e-04	7.782786e-04
227           	1.360139e-04	1.565830e-04	1.565526e-04	7.605985e-04
228           	1.333873e-04	1.536716e-04	1.536531e-04	7.555402e-04
229           	1.307481e-04	1.510028e-04	1.509847e-04	7.411628e-04
230           	1.282137e-04	1.481903e-04	1.481757e-04	7.385235e-04
231           	1.256723e-04	1.456150e-04	1.456091e-04	7.239565e-04
232           	1.232302e-04	1.428625e-04	1.428621e-04	7.191719e-04
233           	1.207873e-04	1.404006e-04	1.404229e-04	7.047948e-04
234           	1.184345e-04	1.377066e-04	1.377275e-04	7.005133e-04
235           	1.160875e-04	1.353829e-04	1.354249e-04	6.876150e-04
236           	1.138188e-04	1.327733e-04	1.328068e-04	6.851202e-04
237           	1.115574e-04	1.305512e-04	1.306081e-04	6.741168e-04
238           	1.093681e-04	1.279758e-04	1.280258e-04	6.724840e-04
239           	1.071870e-04	1.258528e-04	1.259256e-04	6.600364e-04
240           	1.050743e-04	1.233152e-04	1.233721e-04	6.583308e-04
241           	1.029769e-04	1.213123e-04	1.213933e-04	6.468493e-04
242           	1.009448e-04	1.188312e-04	1.188910e-04	6.454316e-04
243           	9.891906e-05	1.169273e-04	1.170159e-04	6.312625e-04
244           	9.695851e-05	1.144485e-04	1.145249e-04	6.292201e-04
245           	9.500860e-05	1.126438e-04	1.127576e-04	6.157421e-04
246           	9.312499e-05	1.101922e-04	1.102984e-04	6.137624e-04
247           	9.124642e-05	1.085120e-04	1.086640e-04	6.016770e-04
248           	8.943908e-05	1.061018e-04	1.062435e-04	5.999980e-04
249           	8.762903e-05	1.045316e-04	1.047273e-04	5.883590e-04
250           	8.589731e-05	1.021601e-04	1.023336e-04	5.876194e-04
251           	8.415839e-05	1.007104e-04	1.009433e-04	5.758241e-04
252           	8.249414e-05	9.838039e-05	9.858069e-05	5.767003e-04
253           	8.082243e-05	9.704755e-05	9.731800e-05	5.647512e-04
254           	7.922624e-05	9.473897e-05	9.496546e-05	5.663352e-04
255           	7.761282e-05	9.352086e-05	9.381499e-05	5.529493e-04
256           	7.607274e-05	9.120949e-05	9.144461e-05	5.546107e-04
257           	7.452164e-05	9.009326e-05	9.039864e-05	5.418913e-04
258           	7.303897e-05	8.780959e-05	8.805031e-05	5.429365e-04
259           	7.154803e-05	8.677954e-05	8.708638e-05	5.318541e-04
260           	7.012267e-05	8.451884e-05	8.475455e-05	6.010674e-04
261           	6.849543e-05	7.957770e-05	7.986728e-05	5.715666e-04
262           	6.701317e-05	7.433720e-05	7.454020e-05	5.337790e-04
263           	6.560761e-05	7.440473e-05	7.472328e-05	5.110959e-04
264           	6.443158e-05	7.488761e-05	7.512752e-05	5.124605e-04
265           	6.324243e-05	7.593662e-05	7.622843e-05	5.119607e-04
266           	6.208591e-05	7.297493e-05	7.316327e-05	5.066407e-04
267           	6.081083e-05	7.099172e-05	7.123050e-05	5.030428e-04
268           	5.960875e-05	6.818351e-05	6.836039e-05	5.015534e-04
269           	5.839542e-05	6.855704e-05	6.881678e-05	4.781539e-04
270           	5.728647e-05	6.721554e-05	6.741940e-05	4.894599e-04
271           	5.615366e-05	6.758739e-05	6.784129e-05	4.840297e-04
272           	5.509825e-05	6.490054e-05	6.508167e-05	4.807892e-04
273           	5.399709e-05	6.455286e-05	6.476900e-05	4.822155e-04
274           	5.296419e-05	6.203450e-05	6.220312e-05	4.853819e-04
275           	5.189802e-05	6.268643e-05	6.288554e-05	4.719298e-04
276           	5.090782e-05	6.048094e-05	6.064182e-05	4.808198e-04
277           	4.988936e-05	6.126742e-05	6.143262e-05	4.729539e-04
278           	4.894456e-05	5.848245e-05	5.861639e-05	4.766489e-04
279           	4.796571e-05	5.937434e-05	5.949007e-05	4.729478e-04
280           	4.705684e-05	5.649171e-05	5.659445e-05	4.759572e-04
281           	4.611426e-05	5.772347e-05	5.778637e-05	4.691075e-04
282           	4.524246e-05	5.476130e-05	5.482934e-05	4.827309e-04
283           	4.436700e-05	5.178797e-05	5.185426e-05	4.575444e-04
284           	4.352455e-05	5.004855e-05	5.012448e-05	4.687320e-04
285           	4.266418e-05	5.031389e-05	5.037710e-05	4.567770e-04
286           	4.184048e-05	5.031229e-05	5.037341e-05	4.580100e-04
287           	4.101630e-05	4.971135e-05	4.975679e-05	4.562052e-04
288           	4.023270e-05	4.806030e-05	4.811142e-05	4.522759e-04
289           	3.945137e-05	4.688173e-05	4.692630e-05	4.472374e-04
290           	3.869555e-05	4.593680e-05	4.599445e-05	4.491657e-04
291           	3.794821e-05	4.562993e-05	4.568123e-05	4.430511e-04
292           	3.721199e-05	4.483575e-05	4.489759e-05	4.448679e-04
293           	3.649820e-05	4.410499e-05	4.415406e-05	4.416374e-04
294           	3.579247e-05	4.300163e-05	4.306062e-05	4.419207e-04
295           	3.511664e-05	4.235650e-05	4.240265e-05	4.376969e-04
296           	3.443703e-05	4.152906e-05	4.158938e-05	4.394886e-04
297           	3.378885e-05	4.104956e-05	4.109612e-05	4.355978e-04
298           	3.313313e-05	4.019736e-05	4.025722e-05	4.370517e-04
299           	3.251494e-05	3.960385e-05	3.964710e-05	4.339029e-04
300           	3.188372e-05	3.873159e-05	3.878766e-05	4.351483e-04
301           	3.129417e-05	3.821946e-05	3.825891e-05	4.318112e-04
302           	3.068480e-05	3.745501e-05	3.750921e-05	4.332463e-04
303           	3.012278e-05	3.697459e-05	3.701292e-05	4.302969e-04
304           	2.953470e-05	3.619513e-05	3.624953e-05	4.314218e-04
305           	2.899864e-05	3.569798e-05	3.573616e-05	4.285400e-04
306           	2.843155e-05	3.495768e-05	3.501083e-05	4.298918e-04
307           	2.792001e-05	3.450869e-05	3.454285e-05	4.269237e-04
308           	2.737271e-05	3.381421e-05	3.386160e-05	4.283176e-04
309           	2.688822e-05	3.337645e-05	3.340269e-05	4.256138e-04
310           	2.635722e-05	3.268500e-05	3.272489e-05	4.267566e-04
311           	2.589703e-05	3.226724e-05	3.228937e-05	4.241506e-04
312           	2.538565e-05	3.161876e-05	3.165547e-05	4.624374e-04
313           	2.495222e-05	2.924314e-05	3.045846e-05	4.244400e-04
314           	2.445691e-05	2.922150e-05	3.018660e-05	4.585874e-04
315           	2.403326e-05	2.976555e-05	2.919923e-05	4.357927e-04
316           	2.355450e-05	3.034331e-05	2.932009e-05	4.602327e-04
317           	2.315875e-05	2.791205e-05	2.883079e-05	4.366757e-04
318           	2.270322e-05	2.738357e-05	2.885884e-05	4.519614e-04
319           	2.232108e-05	2.799377e-05	2.744312e-05	4.370462e-04
320           	2.187957e-05	2.853730e-05	2.726162e-05	4.388549e-04
321           	2.150146e-05	2.961576e-05	2.862546e-05	4.423868e-04
322           	2.106802e-05	2.815768e-05	2.821280e-05	4.258304e-04
323           	2.072772e-05	2.747083e-05	2.778799e-05	4.361661e-04
324           	2.033638e-05	2.603465e-05	2.631466e-05	4.332730e-04
325           	1.999413e-05	2.711238e-05	2.694943e-05	4.261521e-04
326           	1.959211e-05	2.643302e-05	2.615064e-05	4.308725e-04
327           	1.927838e-05	2.572378e-05	2.706032e-05	4.317159e-04
328           	1.890306e-05	2.423411e-05	2.555202e-05	4.409929e-04
329           	1.858791e-05	2.610844e-05	2.749962e-05	4.314800e-04
330           	1.822371e-05	2.521232e-05	2.551732e-05	4.325233e-04
331           	1.791956e-05	2.685327e-05	2.678053e-05	4.360107e-04
332           	1.757809e-05	2.445549e-05	2.427904e-05	4.216282e-04
333           	1.727966e-05	2.495029e-05	2.490667e-05	4.255527e-04
334           	1.694911e-05	2.298708e-05	2.318412e-05	4.303888e-04
335           	1.666123e-05	2.484560e-05	2.510379e-05	4.226333e-04
336           	1.634786e-05	2.310524e-05	2.331792e-05	4.271969e-04
337           	1.607277e-05	2.504875e-05	2.518552e-05	4.302140e-04
338           	1.578012e-05	2.253734e-05	2.262564e-05	4.137639e-04
339           	1.551490e-05	2.305816e-05	2.311183e-05	4.202412e-04
340           	1.523047e-05	2.106836e-05	2.115586e-05	4.241001e-04
341           	1.496814e-05	2.305069e-05	2.303896e-05	4.140101e-04
342           	1.469807e-05	2.134836e-05	2.139747e-05	4.214684e-04
343           	1.444855e-05	2.338331e-05	2.348080e-05	4.249706e-04
344           	1.420019e-05	2.079321e-05	2.094240e-05	4.085328e-04
345           	1.396170e-05	2.140923e-05	2.148048e-05	4.157017e-04
346           	1.371804e-05	1.940797e-05	1.945690e-05	4.177437e-04
347           	1.347979e-05	2.130423e-05	2.118415e-05	4.083056e-04
348           	1.324821e-05	1.965566e-05	1.962654e-05	4.113177e-04
349           	1.302611e-05	2.067090e-05	2.130649e-05	4.155807e-04
350           	1.281202e-05	1.857915e-05	1.909733e-05	4.088315e-04
351           	1.259362e-05	1.956511e-05	2.007665e-05	4.084231e-04
352           	1.238383e-05	1.810510e-05	1.822732e-05	4.116505e-04
353           	1.216711e-05	1.982250e-05	1.970704e-05	4.081828e-04
354           	1.197195e-05	1.809199e-05	1.801388e-05	4.090647e-04
355           	1.176769e-05	1.974754e-05	1.952756e-05	4.121440e-04
356           	1.158660e-05	1.755237e-05	1.757434e-05	4.040813e-04
357           	1.138642e-05	1.858721e-05	1.854244e-05	4.072433e-04
358           	1.121052e-05	1.676585e-05	1.683915e-05	4.067268e-04
359           	1.101252e-05	1.822590e-05	1.817565e-05	4.042509e-04
360           	1.084757e-05	1.660501e-05	1.662339e-05	4.064165e-04
361           	1.066093e-05	1.813215e-05	1.799905e-05	4.071719e-04
362           	1.050752e-05	1.624959e-05	1.623385e-05	4.029823e-04
363           	1.032405e-05	1.742027e-05	1.726759e-05	4.052801e-04
364           	1.017801e-05	1.566133e-05	1.564805e-05	4.038265e-04
365           	9.995630e-06	1.699014e-05	1.684812e-05	4.995040e-04
366           	1.118390e-05	1.182656e-05	1.181176e-05	4.559985e-04
367           	9.871143e-06	1.233527e-05	1.226771e-05	5.112153e-04
368           	1.111785e-05	9.704212e-06	9.774268e-06	4.979179e-04
369           	9.694037e-06	1.581778e-05	1.591116e-05	4.401335e-04
370           	1.095958e-05	1.282933e-05	1.289849e-05	4.836608e-04
371           	9.470421e-06	1.553926e-05	1.548318e-05	4.475084e-04
372           	1.074355e-05	1.193182e-05	1.186598e-05	4.533573e-04
373           	9.287780e-06	1.344896e-05	1.333707e-05	4.299627e-04
374           	1.053180e-05	1.101160e-05	1.099409e-05	4.517577e-04
375           	9.071678e-06	1.405238e-05	1.398771e-05	4.275583e-04
376           	1.032822e-05	1.177674e-05	1.179271e-05	4.383376e-04
377           	8.870097e-06	1.399582e-05	1.394963e-05	4.380547e-04
378           	1.014147e-05	1.126948e-05	1.126652e-05	4.324429e-04
379           	8.697948e-06	1.295399e-05	1.290610e-05	4.342824e-04
380           	9.967238e-06	1.082135e-05	1.081909e-05	5.675096e-04
381           	1.069131e-05	1.094534e-05	1.091754e-05	6.840694e-04
382           	9.101090e-06	1.220658e-05	1.229058e-05	5.611347e-04
383           	1.038059e-05	1.343074e-05	1.354402e-05	5.559399e-04
384           	8.767716e-06	1.347669e-05	1.359310e-05	5.017656e-04
385           	1.010388e-05	1.292278e-05	1.297117e-05	4.960577e-04
386           	8.501349e-06	1.194518e-05	1.136708e-05	4.634464e-04
387           	9.798540e-06	1.166896e-05	1.082686e-05	6.129756e-04
388           	1.025819e-05	9.965695e-06	9.167776e-06	6.997754e-04
389           	8.303721e-06	1.492348e-05	1.459849e-05	5.946630e-04
390           	9.619709e-06	1.185203e-05	1.213287e-05	6.346803e-04
391           	1.038015e-05	1.216857e-05	1.269520e-05	6.332401e-04
392           	8.545358e-06	1.206936e-05	1.233633e-05	5.804035e-04
393           	9.885731e-06	1.264211e-05	1.268283e-05	6.557202e-04
394           	1.039366e-05	1.041121e-05	1.044478e-05	6.809473e-04
395           	8.171420e-06	1.348842e-05	1.343410e-05	5.927318e-04
396           	9.548175e-06	1.114556e-05	1.122086e-05	6.491412e-04
397           	1.038682e-05	1.232218e-05	1.244907e-05	6.882158e-04
398           	8.354369e-06	1.246415e-05	1.259473e-05	6.097480e-04
399           	9.795965e-06	1.340510e-05	1.349180e-05	6.781068e-04
400           	1.035724e-05	1.117945e-05	1.136633e-05	7.177407e-04
401           	8.001991e-06	1.348497e-05	1.358230e-05	6.322519e-04
402           	9.439553e-06	1.109284e-05	1.120971e-05	6.814514e-04
403           	1.034215e-05	1.250900e-05	1.263559e-05	7.258324e-04
404           	8.148619e-06	1.251988e-05	1.265291e-05	6.380536e-04
405           	9.695121e-06	1.361248e-05	1.368969e-05	7.019556e-04
406           	1.028395e-05	1.165125e-05	1.180204e-05	7.431339e-04
407           	7.809247e-06	1.371091e-05	1.375786e-05	6.523874e-04
408           	9.246845e-06	1.107938e-05	1.111601e-05	7.034808e-04
409           	1.016605e-05	1.243668e-05	1.247121e-05	7.442482e-04
410           	7.886985e-06	1.238143e-05	1.241889e-05	6.561317e-04
411           	9.487406e-06	1.347726e-05	1.343926e-05	7.163804e-04
412           	1.010466e-05	1.183608e-05	1.186749e-05	7.608242e-04
413           	7.608489e-06	1.381271e-05	1.379404e-05	6.685323e-04
414           	9.052750e-06	1.113845e-05	1.109895e-05	7.183478e-04
415           	9.986684e-06	1.254018e-05	1.251691e-05	7.612639e-04
416           	1.079954e-05	1.125124e-05	1.124347e-05	7.281312e-04
417           	7.542006e-06	1.372114e-05	1.370167e-05	6.015788e-04
418           	8.891813e-06	1.169834e-05	1.170769e-05	7.357407e-04
419           	9.795328e-06	1.344765e-05	1.343490e-05	7.656845e-04
420           	1.064023e-05	1.146908e-05	1.147889e-05	6.921272e-04
421           	7.424143e-06	1.292974e-05	1.290006e-05	5.895778e-04
422           	8.663384e-06	1.088429e-05	1.086689e-05	7.201609e-04
423           	9.561697e-06	1.319833e-05	1.318970e-05	7.530467e-04
424           	1.042263e-05	1.148554e-05	1.149356e-05	6.796914e-04
425           	7.257050e-06	1.321979e-05	1.321579e-05	5.884618e-04
426           	8.486883e-06	1.081967e-05	1.082691e-05	7.236398e-04
427           	9.382301e-06	1.285845e-05	1.286075e-05	7.500146e-04
428           	1.024441e-05	1.120586e-05	1.121536e-05	6.788109e-04
429           	7.074297e-06	1.291317e-05	1.289922e-05	5.800372e-04
430           	8.306225e-06	1.076882e-05	1.076961e-05	7.170900e-04
431           	9.210520e-06	1.303553e-05	1.303416e-05	7.496950e-04
432           	1.007466e-05	1.127585e-05	1.128680e-05	6.769485e-04
433           	6.949804e-06	1.263540e-05	1.262695e-05	5.817507e-04
434           	8.122419e-06	1.045078e-05	1.045500e-05	7.142551e-04
435           	9.022238e-06	1.273196e-05	1.273218e-05	7.439233e-04
436           	9.895037e-06	1.110236e-05	1.111310e-05	8.255650e-04
437           	1.022459e-05	1.292643e-05	1.290205e-05	8.393885e-04
438           	6.960493e-06	1.240107e-05	1.235986e-05	6.977687e-04
439           	8.559790e-06	1.328581e-05	1.321704e-05	7.475651e-04
440           	9.084962e-06	1.183180e-05	1.182609e-05	7.766263e-04
441           	9.936226e-06	1.264543e-05	1.264349e-05	8.352556e-04
442           	1.024248e-05	1.144847e-05	1.143995e-05	9.007599e-04
443           	7.155138e-06	1.349417e-05	1.342595e-05	7.310773e-04
444           	7.884680e-06	1.121762e-05	1.118812e-05	7.351254e-04
445           	8.663570e-06	1.323464e-05	1.320935e-05	7.721269e-04
446           	9.603603e-06	1.101260e-05	1.100382e-05	8.335528e-04
447           	9.883839e-06	1.274583e-05	1.269176e-05	8.130497e-04
448           	1.019272e-05	1.166568e-05	1.166791e-05	8.075721e-04
449           	6.903567e-06	1.382333e-05	1.376649e-05	6.431640e-04
450           	7.665014e-06	1.111023e-05	1.106365e-05	7.273362e-04
451           	8.481275e-06	1.274887e-05	1.272390e-05	7.637734e-04
452           	9.410412e-06	1.083773e-05	1.081772e-05	8.349823e-04
453           	9.720476e-06	1.266512e-05	1.260780e-05	8.090092e-04
454           	1.000485e-05	1.164179e-05	1.163695e-05	7.592670e-04
455           	6.553734e-06	1.428261e-05	1.420553e-05	6.699785e-04
456           	8.402607e-06	1.211038e-05	1.207595e-05	7.845506e-04
457           	9.211085e-06	1.379232e-05	1.376018e-05	8.098939e-04
458           	9.813659e-06	1.159820e-05	1.157672e-05	8.583777e-04
459           	1.000659e-05	1.307142e-05	1.303060e-05	8.281977e-04
460           	6.422429e-06	1.167133e-05	1.165347e-05	6.696027e-04
461           	7.947311e-06	1.278241e-05	1.271308e-05	7.432045e-04
462           	8.452696e-06	1.174669e-05	1.173366e-05	7.655582e-04
463           	9.329321e-06	1.283802e-05	1.281693e-05	8.395429e-04
464           	9.634697e-06	1.136494e-05	1.134908e-05	8.272592e-04
465           	9.811625e-06	1.299677e-05	1.296289e-05	8.622052e-04
466           	9.976956e-06	1.236351e-05	1.236064e-05	8.713999e-04
467           	1.004949e-05	1.449489e-05	1.446686e-05	7.950602e-04
468           	6.267814e-06	1.241883e-05	1.238029e-05	6.424839e-04
469           	7.793499e-06	1.231691e-05	1.222642e-05	7.670019e-04
470           	8.333657e-06	1.091107e-05	1.089125e-05	7.682245e-04
471           	9.213468e-06	1.235637e-05	1.233980e-05	8.435315e-04
472           	9.482740e-06	1.124379e-05	1.121062e-05	8.239167e-04
473           	9.633334e-06	1.338927e-05	1.334642e-05	8.630123e-04
474           	9.796113e-06	1.266240e-05	1.265430e-05	8.735058e-04
475           	9.868476e-06	1.454889e-05	1.450344e-05	8.744024e-04
476           	1.000493e-05	1.286604e-05	1.286832e-05	7.889354e-04
477           	6.134713e-06	1.356968e-05	1.354201e-05	7.163199e-04
478           	8.071180e-06	1.104853e-05	1.105030e-05	7.800830e-04
479           	8.886020e-06	1.353034e-05	1.351830e-05	8.159033e-04
480           	9.471939e-06	1.154859e-05	1.154513e-05	8.526582e-04
481           	9.589969e-06	1.343399e-05	1.341246e-05	8.410476e-04
482           	9.730085e-06	1.215449e-05	1.214402e-05	8.923972e-04
483           	9.792776e-06	1.415974e-05	1.412548e-05	8.653043e-04
484           	9.872881e-06	1.275970e-05	1.276297e-05	8.952136e-04
485           	9.912257e-06	1.428958e-05	1.427021e-05	8.781460e-04
486           	9.956718e-06	1.256590e-05	1.257432e-05	8.874629e-04
487           	9.954543e-06	1.406147e-05	1.404539e-05	8.785091e-04
488           	9.967402e-06	1.252250e-05	1.252490e-05	8.830420e-04
489           	9.942130e-06	1.432440e-05	1.431326e-05	8.798325e-04
490           	9.948948e-06	1.268320e-05	1.268844e-05	8.825621e-04
491           	9.907423e-06	1.432280e-05	1.431086e-05	8.763179e-04
492           	9.914511e-06	1.265881e-05	1.266527e-05	8.797539e-04
493           	9.874727e-06	1.429224e-05	1.428100e-05	8.738946e-04
494           	9.883477e-06	1.261415e-05	1.262162e-05	8.783949e-04
495           	9.842955e-06	1.422954e-05	1.421810e-05	8.725018e-04
496           	9.853352e-06	1.256698e-05	1.257494e-05	8.791233e-04
497           	9.813816e-06	1.416560e-05	1.415504e-05	8.727989e-04
498           	9.828393e-06	1.251595e-05	1.252014e-05	8.765947e-04
499           	9.785290e-06	1.418870e-05	1.417468e-05	8.737062e-04
500           	9.793262e-06	1.251449e-05	1.251510e-05	8.784844e-04
