# Residuals   
# Time        	Ux            	Uy            	Uz            	p             
0             	N/A           	N/A           	N/A           	N/A           
1             	1.000000e+00	1.000000e+00	1.000000e+00	1.000000e+00
2             	2.780451e-01	5.111359e-01	5.112375e-01	6.677597e-01
3             	1.330993e-01	2.404455e-01	2.402185e-01	6.355396e-01
4             	5.117465e-02	8.410466e-02	8.427963e-02	4.361173e-01
5             	5.137928e-02	1.126703e-01	1.130161e-01	5.477824e-01
6             	4.988785e-02	1.331338e-01	1.330207e-01	5.369018e-01
7             	4.048418e-02	7.914995e-02	7.934842e-02	3.731465e-01
8             	3.923822e-02	9.407584e-02	9.425842e-02	3.183953e-01
9             	2.578422e-02	8.040092e-02	8.038152e-02	3.776014e-01
10            	1.795728e-02	5.839330e-02	5.874353e-02	5.626700e-01
11            	2.010978e-02	4.036246e-02	4.057007e-02	4.811293e-01
12            	1.913681e-02	3.128686e-02	3.141576e-02	3.977929e-01
13            	1.473923e-02	2.564561e-02	2.581754e-02	5.115978e-01
14            	1.111151e-02	2.639196e-02	2.650138e-02	2.986703e-01
15            	1.016777e-02	2.630166e-02	2.633876e-02	1.830532e-01
16            	9.844597e-03	2.562043e-02	2.570698e-02	1.634439e-01
17            	8.862799e-03	1.945146e-02	1.950633e-02	1.769631e-01
18            	8.348872e-03	1.357611e-02	1.360626e-02	1.923921e-01
19            	8.333171e-03	1.331748e-02	1.337377e-02	1.995306e-01
20            	8.173239e-03	1.378485e-02	1.381692e-02	1.877615e-01
21            	7.582471e-03	1.336690e-02	1.336650e-02	1.383463e-01
22            	7.039214e-03	1.245126e-02	1.244813e-02	9.847646e-02
23            	6.482814e-03	1.032403e-02	1.033158e-02	7.845685e-02
24            	6.052260e-03	9.021117e-03	9.025112e-03	6.565424e-02
25            	5.703991e-03	9.326354e-03	9.328170e-03	5.714493e-02
26            	5.502406e-03	9.790457e-03	9.785598e-03	5.317121e-02
27            	5.390769e-03	9.619705e-03	9.603826e-03	5.062728e-02
28            	5.378433e-03	8.745651e-03	8.727187e-03	4.628534e-02
29            	5.309455e-03	7.627831e-03	7.610615e-03	4.139552e-02
30            	5.162755e-03	6.858577e-03	6.847972e-03	3.499938e-02
31            	4.886042e-03	6.524217e-03	6.514230e-03	2.991950e-02
32            	4.636139e-03	6.525905e-03	6.516162e-03	2.599583e-02
33            	4.424703e-03	6.436608e-03	6.424290e-03	2.309175e-02
34            	4.317034e-03	6.233945e-03	6.218020e-03	2.102983e-02
35            	4.204008e-03	5.798001e-03	5.781785e-03	1.963111e-02
36            	4.136216e-03	5.477268e-03	5.464095e-03	1.853032e-02
37            	4.036137e-03	5.162449e-03	5.149189e-03	1.769889e-02
38            	3.943873e-03	4.969329e-03	4.953753e-03	1.614027e-02
39            	3.800723e-03	4.691129e-03	4.672500e-03	1.478750e-02
40            	3.691027e-03	4.529292e-03	4.512120e-03	1.369949e-02
41            	3.564666e-03	4.310968e-03	4.296538e-03	1.291879e-02
42            	3.469238e-03	4.213024e-03	4.200572e-03	1.164650e-02
43            	3.350726e-03	4.018414e-03	4.006253e-03	1.096528e-02
44            	3.271736e-03	3.932977e-03	3.921031e-03	1.055075e-02
45            	3.182041e-03	3.746978e-03	3.735347e-03	1.093576e-02
46            	3.110738e-03	3.648700e-03	3.636899e-03	1.029906e-02
47            	2.994123e-03	3.425524e-03	3.411033e-03	9.714187e-03
48            	2.910371e-03	3.339746e-03	3.327162e-03	9.283780e-03
49            	2.812917e-03	3.193384e-03	3.183283e-03	9.034077e-03
50            	2.742467e-03	3.159768e-03	3.151389e-03	8.676558e-03
51            	2.654352e-03	3.038777e-03	3.029989e-03	8.872210e-03
52            	2.589090e-03	3.000423e-03	2.991923e-03	8.422242e-03
53            	2.488213e-03	2.834614e-03	2.825408e-03	8.020297e-03
54            	2.423453e-03	2.788606e-03	2.778618e-03	7.925717e-03
55            	2.350031e-03	2.674382e-03	2.664345e-03	8.398508e-03
56            	2.294069e-03	2.651815e-03	2.641989e-03	7.981155e-03
57            	2.188522e-03	2.485920e-03	2.478565e-03	7.274118e-03
58            	2.125082e-03	2.461136e-03	2.452304e-03	7.273307e-03
59            	2.060233e-03	2.390091e-03	2.381575e-03	7.758163e-03
60            	2.012155e-03	2.394879e-03	2.384717e-03	7.409295e-03
61            	1.919864e-03	2.256462e-03	2.246770e-03	7.009723e-03
62            	1.865560e-03	2.240137e-03	2.232840e-03	6.927824e-03
63            	1.805278e-03	2.158648e-03	2.150783e-03	7.470512e-03
64            	1.761302e-03	2.160181e-03	2.151558e-03	6.947676e-03
65            	1.672502e-03	2.016746e-03	2.007648e-03	6.403389e-03
66            	1.624536e-03	2.011857e-03	2.002723e-03	6.336255e-03
67            	1.572190e-03	1.946695e-03	1.937327e-03	6.789838e-03
68            	1.536345e-03	1.967483e-03	1.957702e-03	6.475208e-03
69            	1.458284e-03	1.837327e-03	1.827424e-03	5.980886e-03
70            	1.417583e-03	1.839073e-03	1.830469e-03	6.165761e-03
71            	1.371723e-03	1.768663e-03	1.760351e-03	6.621645e-03
72            	1.342095e-03	1.782142e-03	1.773584e-03	6.110047e-03
73            	1.263930e-03	1.634992e-03	1.625333e-03	5.151604e-03
74            	1.223616e-03	1.631631e-03	1.621884e-03	5.370834e-03
75            	1.183123e-03	1.579088e-03	1.570776e-03	5.241848e-03
76            	1.161300e-03	1.622360e-03	1.615024e-03	5.494895e-03
77            	1.114023e-03	1.546765e-03	1.537878e-03	5.748997e-03
78            	1.090464e-03	1.561683e-03	1.551664e-03	5.392410e-03
79            	1.030091e-03	1.436841e-03	1.428166e-03	5.020881e-03
80            	1.005797e-03	1.444344e-03	1.437725e-03	5.070431e-03
81            	9.700682e-04	1.374880e-03	1.368014e-03	5.430661e-03
82            	9.556925e-04	1.412960e-03	1.406893e-03	5.211491e-03
83            	8.984765e-04	1.310457e-03	1.303421e-03	4.666473e-03
84            	8.783961e-04	1.331383e-03	1.323508e-03	4.711983e-03
85            	8.457228e-04	1.262614e-03	1.255809e-03	4.973410e-03
86            	8.351553e-04	1.298411e-03	1.293445e-03	4.743085e-03
87            	7.878373e-04	1.197936e-03	1.191893e-03	4.569298e-03
88            	7.741311e-04	1.218869e-03	1.215146e-03	4.848250e-03
89            	7.356306e-04	1.098744e-03	1.093009e-03	4.514965e-03
90            	7.241616e-04	1.140416e-03	1.134151e-03	4.474501e-03
91            	6.801106e-04	1.049947e-03	1.046040e-03	4.114461e-03
92            	6.711498e-04	1.087281e-03	1.085245e-03	4.205688e-03
93            	6.478331e-04	1.001075e-03	9.993685e-04	4.820299e-03
94            	6.468241e-04	1.032501e-03	1.030840e-03	4.307615e-03
95            	5.933723e-04	8.912332e-04	8.887375e-04	3.815167e-03
96            	5.814801e-04	9.501263e-04	9.458828e-04	3.835352e-03
97            	5.625563e-04	9.323272e-04	9.271056e-04	4.234463e-03
98            	5.651671e-04	9.855737e-04	9.824012e-04	4.176338e-03
99            	5.260637e-04	8.514734e-04	8.491502e-04	3.906993e-03
100           	5.206773e-04	8.750059e-04	8.732463e-04	3.743987e-03
101           	4.963351e-04	8.007237e-04	7.995890e-04	4.234286e-03
102           	4.970693e-04	8.666005e-04	8.664823e-04	3.927732e-03
103           	4.569703e-04	7.750462e-04	7.759427e-04	3.708756e-03
104           	4.518513e-04	8.153119e-04	8.153970e-04	3.707181e-03
105           	4.291492e-04	7.342643e-04	7.322622e-04	3.912593e-03
106           	4.313523e-04	7.788498e-04	7.754986e-04	3.715529e-03
107           	4.032584e-04	6.940889e-04	6.927097e-04	3.802254e-03
108           	4.044490e-04	7.384066e-04	7.344623e-04	3.605726e-03
109           	3.816539e-04	6.692139e-04	6.683266e-04	3.947485e-03
110           	3.827053e-04	7.064126e-04	7.085684e-04	3.637761e-03
111           	3.459998e-04	6.018655e-04	6.200277e-04	3.443689e-03
112           	3.436107e-04	6.511365e-04	6.686608e-04	3.383319e-03
113           	3.322670e-04	6.139936e-04	6.185903e-04	3.816229e-03
114           	3.399059e-04	6.648841e-04	6.599201e-04	3.567693e-03
115           	3.090301e-04	5.774519e-04	5.700205e-04	3.540003e-03
116           	3.084826e-04	6.151844e-04	6.086875e-04	3.353520e-03
117           	2.883713e-04	5.469596e-04	5.435850e-04	3.605723e-03
118           	2.941348e-04	5.999305e-04	6.013312e-04	3.371649e-03
119           	2.706053e-04	5.249553e-04	5.277619e-04	3.492605e-03
120           	2.738041e-04	5.666586e-04	5.697062e-04	3.376367e-03
121           	2.516682e-04	4.994284e-04	5.091624e-04	3.484054e-03
122           	2.535313e-04	5.370223e-04	5.451138e-04	3.139170e-03
123           	2.348316e-04	4.851296e-04	4.798784e-04	3.312391e-03
124           	2.412671e-04	5.224420e-04	5.140855e-04	3.197269e-03
125           	2.217901e-04	4.656151e-04	4.581836e-04	3.357705e-03
126           	2.283741e-04	5.206691e-04	5.085948e-04	3.216227e-03
127           	2.081982e-04	4.586148e-04	4.499795e-04	3.456017e-03
128           	2.141987e-04	4.952889e-04	5.017149e-04	3.221121e-03
129           	1.968202e-04	4.166012e-04	4.282070e-04	3.571603e-03
130           	2.042294e-04	4.577645e-04	4.628426e-04	3.270712e-03
131           	1.771871e-04	3.716082e-04	3.703129e-04	3.013819e-03
132           	1.827289e-04	4.248642e-04	4.189331e-04	3.098151e-03
133           	1.782084e-04	4.098491e-04	4.057643e-04	3.814984e-03
134           	1.879051e-04	4.695174e-04	4.673207e-04	3.214529e-03
135           	1.535080e-04	3.657272e-04	3.662488e-04	2.967523e-03
136           	1.593385e-04	3.949702e-04	3.974559e-04	3.120939e-03
137           	1.575637e-04	3.667178e-04	3.687716e-04	3.710873e-03
138           	1.708033e-04	4.191858e-04	4.193064e-04	3.400722e-03
139           	1.381108e-04	3.223180e-04	3.238928e-04	2.889820e-03
140           	1.413051e-04	3.629425e-04	3.635496e-04	3.014693e-03
141           	1.394342e-04	3.483155e-04	3.476932e-04	3.675127e-03
142           	1.546555e-04	4.022157e-04	4.010733e-04	3.296973e-03
143           	1.226317e-04	2.994691e-04	2.940297e-04	2.783870e-03
144           	1.283839e-04	3.446667e-04	3.406980e-04	2.959093e-03
145           	1.285588e-04	3.295991e-04	3.270313e-04	3.713746e-03
146           	1.420135e-04	3.824630e-04	3.805694e-04	3.210798e-03
147           	1.074483e-04	2.654315e-04	2.646608e-04	2.717954e-03
148           	1.140597e-04	3.106383e-04	3.131829e-04	2.957593e-03
149           	1.124593e-04	2.954226e-04	2.974463e-04	3.315304e-03
150           	1.269291e-04	3.567500e-04	3.604532e-04	3.141906e-03
151           	1.042940e-04	2.784075e-04	2.816513e-04	3.028907e-03
152           	1.122446e-04	3.229693e-04	3.226534e-04	2.866900e-03
153           	1.034389e-04	2.793314e-04	2.778756e-04	3.416645e-03
154           	1.197576e-04	3.478725e-04	3.476584e-04	3.224811e-03
155           	9.463592e-05	2.569237e-04	2.565328e-04	2.928070e-03
156           	1.021104e-04	3.011189e-04	3.039081e-04	2.955640e-03
157           	9.428738e-05	2.547574e-04	2.578280e-04	3.377845e-03
158           	1.046869e-04	3.149714e-04	3.144102e-04	2.938174e-03
159           	8.556867e-05	2.500515e-04	2.432883e-04	3.055803e-03
160           	9.877023e-05	3.088633e-04	2.985800e-04	3.102990e-03
161           	8.633203e-05	2.547239e-04	2.494820e-04	3.179535e-03
162           	9.630597e-05	3.019876e-04	3.053797e-04	2.933345e-03
163           	7.967041e-05	2.321409e-04	2.358934e-04	3.027412e-03
164           	8.762514e-05	2.806419e-04	2.864555e-04	2.711953e-03
165           	7.836826e-05	2.378883e-04	2.381437e-04	3.242707e-03
166           	9.451879e-05	3.016251e-04	2.998588e-04	3.210424e-03
167           	7.383357e-05	2.274936e-04	2.249846e-04	2.836729e-03
168           	7.719880e-05	2.605101e-04	2.596785e-04	2.703358e-03
169           	7.645382e-05	2.355268e-04	2.325521e-04	2.946908e-03
170           	8.596877e-05	2.848663e-04	2.825423e-04	2.783167e-03
171           	7.382351e-05	2.270637e-04	2.268049e-04	3.069828e-03
172           	8.707594e-05	2.780859e-04	2.794457e-04	3.020509e-03
173           	7.384624e-05	2.257492e-04	2.223945e-04	2.888768e-03
174           	7.914010e-05	2.652201e-04	2.636104e-04	2.846458e-03
175           	6.892179e-05	2.122098e-04	2.112565e-04	2.896031e-03
176           	7.959689e-05	2.657541e-04	2.653398e-04	2.807095e-03
177           	7.042498e-05	2.219256e-04	2.211800e-04	2.973397e-03
178           	7.921781e-05	2.647691e-04	2.649729e-04	2.782404e-03
179           	6.513003e-05	2.081800e-04	2.094867e-04	2.863890e-03
180           	7.647072e-05	2.620928e-04	2.633487e-04	2.828737e-03
181           	6.954147e-05	2.153594e-04	2.156674e-04	3.020943e-03
182           	7.666730e-05	2.627965e-04	2.622734e-04	2.735982e-03
183           	6.299421e-05	2.028763e-04	2.024212e-04	3.010986e-03
184           	7.768582e-05	2.620466e-04	2.628826e-04	2.982721e-03
185           	6.746136e-05	2.108419e-04	2.117507e-04	3.002667e-03
186           	7.301538e-05	2.520852e-04	2.530420e-04	2.861411e-03
187           	5.929049e-05	1.914095e-04	1.917892e-04	2.983518e-03
188           	7.004235e-05	2.499179e-04	2.501864e-04	2.741078e-03
189           	6.472405e-05	2.118993e-04	2.117168e-04	3.043174e-03
190           	7.524500e-05	2.601068e-04	2.602150e-04	2.904356e-03
191           	5.827739e-05	1.956915e-04	1.959202e-04	2.834227e-03
192           	6.967237e-05	2.472405e-04	2.483824e-04	2.828612e-03
193           	6.577911e-05	2.063253e-04	2.076439e-04	3.194289e-03
194           	7.264443e-05	2.538901e-04	2.547660e-04	2.855332e-03
195           	5.487228e-05	1.873378e-04	1.877858e-04	2.889200e-03
196           	6.839868e-05	2.453617e-04	2.452791e-04	2.879234e-03
197           	5.941539e-05	1.980140e-04	1.989062e-04	2.805036e-03
198           	6.488607e-05	2.377640e-04	2.395689e-04	2.731516e-03
199           	5.864100e-05	1.991702e-04	1.994069e-04	3.131917e-03
200           	7.112729e-05	2.535840e-04	2.535794e-04	2.842257e-03
201           	5.618682e-05	1.896843e-04	1.900773e-04	2.891381e-03
202           	6.677474e-05	2.405136e-04	2.426553e-04	2.935591e-03
203           	5.814998e-05	1.965577e-04	1.978554e-04	2.927572e-03
204           	6.742452e-05	2.448718e-04	2.454562e-04	2.838124e-03
205           	5.599080e-05	1.889708e-04	1.895572e-04	2.836315e-03
206           	6.421583e-05	2.358876e-04	2.374969e-04	2.693190e-03
207           	5.861905e-05	1.973582e-04	1.980971e-04	3.079394e-03
208           	7.233192e-05	2.520389e-04	2.520309e-04	3.001045e-03
209           	5.411668e-05	1.820889e-04	1.838155e-04	2.765416e-03
210           	6.128199e-05	2.255699e-04	2.311249e-04	2.787579e-03
211           	5.670983e-05	1.906029e-04	1.924481e-04	2.917318e-03
212           	6.529324e-05	2.393692e-04	2.397396e-04	2.650189e-03
213           	5.599407e-05	1.940315e-04	1.943142e-04	2.995772e-03
214           	7.086489e-05	2.504813e-04	2.502129e-04	2.974703e-03
215           	5.687436e-05	1.916932e-04	1.923410e-04	2.786708e-03
216           	6.174772e-05	2.328080e-04	2.342747e-04	2.711640e-03
217           	5.408115e-05	1.854562e-04	1.846317e-04	3.040827e-03
218           	6.575598e-05	2.443661e-04	2.442480e-04	2.790462e-03
219           	5.431250e-05	1.906822e-04	1.917379e-04	2.900833e-03
220           	6.786665e-05	2.450458e-04	2.456516e-04	2.894478e-03
221           	5.780425e-05	1.957704e-04	1.942005e-04	2.979296e-03
222           	6.623323e-05	2.445095e-04	2.441114e-04	2.916136e-03
223           	5.335468e-05	1.834313e-04	1.852728e-04	2.912679e-03
224           	6.188618e-05	2.328040e-04	2.348484e-04	2.657966e-03
225           	5.375805e-05	1.849466e-04	1.855463e-04	2.954672e-03
226           	6.702398e-05	2.433627e-04	2.438857e-04	2.950485e-03
227           	5.666929e-05	1.974011e-04	1.971105e-04	3.001869e-03
228           	6.440000e-05	2.378503e-04	2.381628e-04	2.810835e-03
229           	4.870511e-05	1.713216e-04	1.735155e-04	2.784710e-03
230           	5.326525e-05	2.112093e-04	2.152981e-04	2.546184e-03
231           	5.004499e-05	1.806482e-04	1.833945e-04	2.764775e-03
232           	6.388218e-05	2.434115e-04	2.410516e-04	2.843676e-03
233           	5.936016e-05	2.083738e-04	2.053253e-04	2.915262e-03
234           	6.530746e-05	2.397885e-04	2.363928e-04	2.908269e-03
235           	5.298205e-05	1.814950e-04	1.800175e-04	2.865877e-03
236           	5.563668e-05	2.166658e-04	2.175396e-04	2.550748e-03
237           	5.239152e-05	1.860203e-04	1.831365e-04	2.675559e-03
238           	6.375774e-05	2.354403e-04	2.325273e-04	2.777450e-03
239           	5.456205e-05	1.908445e-04	1.887248e-04	2.669220e-03
240           	5.950497e-05	2.229552e-04	2.213357e-04	2.699884e-03
241           	5.667987e-05	1.907726e-04	1.856329e-04	2.976783e-03
242           	6.102426e-05	2.299279e-04	2.257219e-04	2.665783e-03
243           	4.861973e-05	1.738587e-04	1.727795e-04	2.744742e-03
244           	6.061824e-05	2.282873e-04	2.268885e-04	2.737686e-03
245           	5.442951e-05	1.917920e-04	1.881842e-04	2.815056e-03
246           	6.351686e-05	2.381370e-04	2.353311e-04	2.881567e-03
247           	5.789313e-05	1.944190e-04	1.908462e-04	2.885106e-03
248           	6.074172e-05	2.279636e-04	2.251745e-04	2.617532e-03
249           	5.236712e-05	1.839698e-04	1.786277e-04	2.913678e-03
250           	6.544027e-05	2.383200e-04	2.344693e-04	2.966995e-03
251           	5.561605e-05	1.891958e-04	1.875175e-04	2.649206e-03
252           	5.529466e-05	2.143542e-04	2.097002e-04	2.519219e-03
253           	5.039683e-05	1.780709e-04	1.747972e-04	2.867558e-03
254           	6.288043e-05	2.345003e-04	2.311407e-04	2.769184e-03
255           	5.756066e-05	1.937266e-04	1.926323e-04	2.794261e-03
256           	6.123290e-05	2.247007e-04	2.227899e-04	2.785407e-03
257           	4.876645e-05	1.728649e-04	1.704760e-04	2.793662e-03
258           	5.756831e-05	2.219722e-04	2.197730e-04	2.699123e-03
259           	5.188880e-05	1.825703e-04	1.794527e-04	2.744395e-03
260           	5.978965e-05	2.271194e-04	2.253510e-04	2.688713e-03
261           	5.754766e-05	1.966366e-04	1.936347e-04	2.983994e-03
262           	6.446247e-05	2.325906e-04	2.317498e-04	2.828661e-03
263           	4.860906e-05	1.726651e-04	1.728715e-04	2.617352e-03
264           	5.435265e-05	2.115798e-04	2.126530e-04	2.629565e-03
265           	5.615503e-05	1.917527e-04	1.887426e-04	2.868832e-03
266           	6.425256e-05	2.352141e-04	2.326440e-04	2.758798e-03
267           	5.266009e-05	1.844035e-04	1.806844e-04	2.715398e-03
268           	5.826452e-05	2.169318e-04	2.140745e-04	2.651175e-03
269           	5.107288e-05	1.811804e-04	1.770992e-04	2.724413e-03
270           	6.103891e-05	2.296354e-04	2.273538e-04	2.789421e-03
271           	5.699236e-05	1.925570e-04	1.885205e-04	2.841053e-03
272           	6.012902e-05	2.239068e-04	2.209577e-04	2.587980e-03
273           	5.149510e-05	1.809631e-04	1.762516e-04	2.843400e-03
274           	6.487728e-05	2.353615e-04	2.322607e-04	2.901518e-03
275           	5.658072e-05	1.913408e-04	1.890383e-04	2.709185e-03
276           	5.638901e-05	2.149219e-04	2.124777e-04	2.665431e-03
277           	4.746454e-05	1.704851e-04	1.668081e-04	2.768667e-03
278           	5.787032e-05	2.219290e-04	2.193730e-04	2.639726e-03
279           	5.781931e-05	2.003676e-04	1.967067e-04	2.932002e-03
280           	6.588887e-05	2.370375e-04	2.346039e-04	2.895579e-03
281           	4.954236e-05	1.769024e-04	1.735217e-04	2.661498e-03
282           	5.596828e-05	2.159618e-04	2.153513e-04	2.644382e-03
283           	5.897030e-05	1.993004e-04	1.963012e-04	2.953946e-03
284           	6.423046e-05	2.351079e-04	2.320053e-04	2.763306e-03
285           	4.896633e-05	1.747714e-04	1.707740e-04	2.678751e-03
286           	5.755712e-05	2.134778e-04	2.121130e-04	2.698243e-03
287           	5.607905e-05	1.926597e-04	1.893871e-04	2.820902e-03
288           	6.276717e-05	2.326580e-04	2.283930e-04	2.752557e-03
289           	5.158677e-05	1.772000e-04	1.749778e-04	2.754580e-03
290           	5.479259e-05	2.097211e-04	2.086109e-04	2.558081e-03
291           	5.227575e-05	1.825069e-04	1.799163e-04	2.882503e-03
292           	6.415618e-05	2.356331e-04	2.330733e-04	2.846773e-03
293           	5.051377e-05	1.804265e-04	1.766747e-04	2.593466e-03
294           	5.720539e-05	2.189377e-04	2.174282e-04	2.685669e-03
295           	5.975490e-05	1.979842e-04	1.944759e-04	3.028319e-03
296           	6.394145e-05	2.344137e-04	2.307592e-04	2.726054e-03
297           	4.645505e-05	1.683947e-04	1.659010e-04	2.589350e-03
298           	5.668823e-05	2.137569e-04	2.131927e-04	2.695418e-03
299           	5.714773e-05	1.942743e-04	1.902775e-04	2.857468e-03
300           	6.355378e-05	2.325510e-04	2.291154e-04	2.828780e-03
301           	5.179978e-05	1.772910e-04	1.753870e-04	2.712510e-03
302           	5.514695e-05	2.104015e-04	2.090183e-04	2.543349e-03
303           	5.385642e-05	1.866421e-04	1.824676e-04	2.944663e-03
304           	6.408753e-05	2.332585e-04	2.289942e-04	2.841918e-03
305           	4.899883e-05	1.743380e-04	1.723129e-04	2.602616e-03
306           	5.636277e-05	2.154242e-04	2.154449e-04	2.707592e-03
307           	5.822946e-05	1.966756e-04	1.926779e-04	2.937041e-03
308           	6.346024e-05	2.338489e-04	2.312620e-04	2.691807e-03
309           	4.938065e-05	1.742744e-04	1.715943e-04	2.638283e-03
310           	5.798367e-05	2.157953e-04	2.151949e-04	2.705693e-03
311           	5.669904e-05	1.930372e-04	1.885543e-04	2.897660e-03
312           	6.364967e-05	2.337939e-04	2.292889e-04	2.812528e-03
313           	5.114354e-05	1.775785e-04	1.754207e-04	2.696176e-03
314           	5.460432e-05	2.087983e-04	2.082981e-04	2.542530e-03
315           	5.327616e-05	1.845587e-04	1.812875e-04	2.930889e-03
316           	6.496905e-05	2.356950e-04	2.325611e-04	2.913340e-03
317           	5.055329e-05	1.786770e-04	1.750239e-04	2.586717e-03
318           	5.534046e-05	2.134267e-04	2.121632e-04	2.601314e-03
319           	5.707974e-05	1.922703e-04	1.884942e-04	2.921819e-03
320           	6.330219e-05	2.322760e-04	2.283490e-04	2.747880e-03
321           	4.913659e-05	1.735905e-04	1.720096e-04	2.677528e-03
322           	5.676108e-05	2.150886e-04	2.138334e-04	2.643088e-03
323           	5.376658e-05	1.881788e-04	1.838217e-04	2.772947e-03
324           	6.373697e-05	2.348447e-04	2.307068e-04	2.850738e-03
325           	5.365338e-05	1.829274e-04	1.781331e-04	2.746791e-03
326           	5.479215e-05	2.117574e-04	2.098124e-04	2.449642e-03
327           	5.143398e-05	1.817127e-04	1.790076e-04	2.893408e-03
328           	6.633993e-05	2.383564e-04	2.357523e-04	3.034741e-03
329           	5.138500e-05	1.794145e-04	1.763468e-04	2.619463e-03
330           	5.449565e-05	2.103846e-04	2.102862e-04	2.566678e-03
331           	5.542054e-05	1.897144e-04	1.861051e-04	2.867707e-03
332           	6.479437e-05	2.361713e-04	2.328515e-04	2.816665e-03
333           	5.183652e-05	1.791158e-04	1.758124e-04	2.665058e-03
334           	5.620743e-05	2.118063e-04	2.107629e-04	2.529321e-03
335           	5.321732e-05	1.861212e-04	1.828473e-04	2.887274e-03
336           	6.732352e-05	2.418252e-04	2.381560e-04	3.050931e-03
337           	5.490203e-05	1.825354e-04	1.795691e-04	2.645388e-03
338           	5.025311e-05	1.966995e-04	1.976104e-04	2.442477e-03
339           	4.493128e-05	1.669613e-04	1.661083e-04	2.857522e-03
340           	6.222787e-05	2.319600e-04	2.310289e-04	2.871554e-03
341           	5.104792e-05	1.866602e-04	1.842764e-04	2.724510e-03
342           	6.189066e-05	2.375915e-04	2.371023e-04	2.874725e-03
343           	6.312480e-05	2.073221e-04	2.049810e-04	3.072839e-03
344           	6.368299e-05	2.365259e-04	2.348918e-04	2.727771e-03
345           	4.529194e-05	1.671689e-04	1.659985e-04	2.738364e-03
346           	5.870211e-05	2.237152e-04	2.252412e-04	2.807702e-03
347           	5.891591e-05	1.983140e-04	1.955571e-04	2.829226e-03
348           	5.969789e-05	2.237971e-04	2.197881e-04	2.654039e-03
349           	4.815023e-05	1.751834e-04	1.740448e-04	2.823312e-03
350           	5.940359e-05	2.272043e-04	2.277740e-04	2.705076e-03
351           	5.864441e-05	2.014424e-04	1.986323e-04	2.929823e-03
352           	6.601891e-05	2.405345e-04	2.365273e-04	2.935163e-03
353           	4.834504e-05	1.740771e-04	1.702883e-04	2.660396e-03
354           	5.548865e-05	2.115909e-04	2.124649e-04	2.708071e-03
355           	5.730677e-05	1.939531e-04	1.925810e-04	2.843713e-03
356           	6.062103e-05	2.257401e-04	2.230534e-04	2.536966e-03
357           	4.903677e-05	1.769708e-04	1.747702e-04	2.752212e-03
358           	6.156817e-05	2.260294e-04	2.238005e-04	2.827697e-03
359           	5.765923e-05	1.964176e-04	1.922344e-04	2.867998e-03
360           	6.369070e-05	2.361579e-04	2.321817e-04	2.777602e-03
361           	5.167143e-05	1.788384e-04	1.771179e-04	2.714907e-03
362           	5.654890e-05	2.135151e-04	2.138854e-04	2.642150e-03
363           	5.389330e-05	1.891560e-04	1.845994e-04	2.924690e-03
364           	6.383351e-05	2.325056e-04	2.286760e-04	2.796680e-03
365           	5.053143e-05	1.797735e-04	1.748447e-04	2.605073e-03
366           	5.758573e-05	2.168448e-04	2.156837e-04	2.727120e-03
367           	5.866857e-05	1.972492e-04	1.928964e-04	3.048720e-03
368           	6.395714e-05	2.362129e-04	2.314537e-04	2.683024e-03
369           	4.802003e-05	1.711922e-04	1.676138e-04	2.633278e-03
370           	5.690767e-05	2.127715e-04	2.122126e-04	2.815803e-03
371           	5.501541e-05	1.902483e-04	1.866276e-04	2.894245e-03
372           	6.139650e-05	2.301166e-04	2.254814e-04	2.740507e-03
373           	4.949712e-05	1.765785e-04	1.730809e-04	2.727128e-03
374           	5.853291e-05	2.205388e-04	2.200959e-04	2.738256e-03
375           	5.717224e-05	1.946727e-04	1.917997e-04	2.855673e-03
376           	6.251536e-05	2.318245e-04	2.285178e-04	2.743694e-03
377           	4.721617e-05	1.724454e-04	1.695721e-04	2.598954e-03
378           	5.544020e-05	2.161453e-04	2.155443e-04	2.573707e-03
379           	5.761535e-05	1.965466e-04	1.930625e-04	2.888880e-03
380           	6.405452e-05	2.348186e-04	2.316289e-04	2.743215e-03
381           	4.799170e-05	1.711652e-04	1.682473e-04	2.633443e-03
382           	5.518258e-05	2.084218e-04	2.086003e-04	2.622764e-03
383           	5.344126e-05	1.856807e-04	1.839089e-04	2.736835e-03
384           	6.377700e-05	2.341279e-04	2.318904e-04	2.827868e-03
385           	5.431628e-05	1.856362e-04	1.825086e-04	2.667882e-03
386           	5.412084e-05	2.088085e-04	2.065016e-04	2.414131e-03
387           	5.069579e-05	1.797850e-04	1.765409e-04	3.009276e-03
388           	6.780327e-05	2.417848e-04	2.389566e-04	3.077898e-03
389           	5.164709e-05	1.753898e-04	1.789347e-04	2.600157e-03
390           	5.193974e-05	2.019315e-04	2.045473e-04	2.560207e-03
391           	5.049631e-05	1.762957e-04	1.786076e-04	2.690072e-03
392           	5.906383e-05	2.260914e-04	2.244072e-04	2.602349e-03
393           	5.562325e-05	1.929936e-04	1.911506e-04	2.982386e-03
394           	6.650453e-05	2.385610e-04	2.351637e-04	2.911156e-03
395           	5.103032e-05	1.779733e-04	1.776739e-04	2.617302e-03
396           	5.408787e-05	2.096742e-04	2.105534e-04	2.631626e-03
397           	5.419707e-05	1.852219e-04	1.848843e-04	2.867243e-03
398           	6.106198e-05	2.296846e-04	2.261793e-04	2.624045e-03
399           	5.132232e-05	1.837005e-04	1.797649e-04	2.731599e-03
400           	6.141743e-05	2.275544e-04	2.260665e-04	2.747540e-03
401           	5.450982e-05	1.891519e-04	1.855683e-04	2.780028e-03
402           	6.163893e-05	2.315009e-04	2.273647e-04	2.799371e-03
403           	5.453785e-05	1.875174e-04	1.832239e-04	2.826429e-03
404           	6.024752e-05	2.254408e-04	2.240644e-04	2.675248e-03
405           	5.264411e-05	1.842156e-04	1.793717e-04	2.777450e-03
406           	6.122089e-05	2.249394e-04	2.208216e-04	2.746399e-03
407           	5.371556e-05	1.879285e-04	1.826444e-04	2.781795e-03
408           	6.030173e-05	2.249807e-04	2.230265e-04	2.734596e-03
409           	5.245848e-05	1.824710e-04	1.796429e-04	2.803982e-03
410           	5.972390e-05	2.271207e-04	2.234609e-04	2.617691e-03
411           	5.332092e-05	1.851583e-04	1.809928e-04	2.715231e-03
412           	5.959143e-05	2.218588e-04	2.175499e-04	2.662453e-03
413           	5.154284e-05	1.817201e-04	1.780964e-04	2.795634e-03
414           	6.146352e-05	2.292363e-04	2.267823e-04	2.795821e-03
415           	5.525767e-05	1.869299e-04	1.847808e-04	2.824471e-03
416           	5.911823e-05	2.228377e-04	2.194984e-04	2.600985e-03
417           	4.985452e-05	1.777818e-04	1.747831e-04	2.668465e-03
418           	6.165934e-05	2.289242e-04	2.267248e-04	2.763458e-03
419           	5.759172e-05	1.945895e-04	1.909048e-04	2.830752e-03
420           	6.126849e-05	2.257271e-04	2.222825e-04	2.747780e-03
421           	4.955052e-05	1.749981e-04	1.725408e-04	2.748252e-03
422           	5.570283e-05	2.171894e-04	2.153421e-04	2.512186e-03
423           	5.198812e-05	1.844114e-04	1.825619e-04	2.827000e-03
424           	6.749913e-05	2.431274e-04	2.416700e-04	2.998942e-03
425           	5.705868e-05	1.937336e-04	1.898729e-04	2.614244e-03
426           	5.463345e-05	2.117396e-04	2.095561e-04	2.545904e-03
427           	4.941196e-05	1.723241e-04	1.728492e-04	2.993728e-03
428           	6.218237e-05	2.339260e-04	2.334447e-04	2.758687e-03
429           	5.103278e-05	1.814006e-04	1.831696e-04	2.864246e-03
430           	6.448782e-05	2.408033e-04	2.426170e-04	2.912398e-03
431           	5.348838e-05	1.883741e-04	1.898002e-04	2.714647e-03
432           	6.038105e-05	2.315411e-04	2.335992e-04	2.642393e-03
433           	5.267650e-05	1.849157e-04	1.858770e-04	2.980820e-03
434           	6.532051e-05	2.444686e-04	2.471475e-04	2.785985e-03
435           	5.412962e-05	1.879840e-04	1.887479e-04	2.954189e-03
436           	6.460678e-05	2.387943e-04	2.397493e-04	2.816586e-03
437           	4.862689e-05	1.753960e-04	1.760601e-04	2.587435e-03
438           	5.897831e-05	2.278729e-04	2.290305e-04	2.731351e-03
439           	6.104621e-05	2.042769e-04	2.057302e-04	3.331974e-03
440           	7.001254e-05	2.519302e-04	2.513851e-04	2.839051e-03
441           	4.518855e-05	1.653571e-04	1.657838e-04	2.649273e-03
442           	5.666518e-05	2.200279e-04	2.202871e-04	2.761707e-03
443           	5.750931e-05	1.993199e-04	1.995207e-04	3.081489e-03
444           	6.822985e-05	2.489517e-04	2.503410e-04	2.913016e-03
445           	5.005338e-05	1.790629e-04	1.794730e-04	2.769237e-03
446           	5.910819e-05	2.269498e-04	2.278326e-04	2.687844e-03
447           	6.034236e-05	2.031441e-04	2.029252e-04	3.356815e-03
448           	7.265948e-05	2.542391e-04	2.559751e-04	3.039069e-03
449           	4.481668e-05	1.589148e-04	1.609007e-04	2.516445e-03
450           	5.190268e-05	2.030049e-04	2.047733e-04	2.695584e-03
451           	5.520450e-05	1.909791e-04	1.914217e-04	2.880713e-03
452           	6.206261e-05	2.381063e-04	2.389992e-04	2.613504e-03
453           	5.057789e-05	1.880550e-04	1.888632e-04	2.975070e-03
454           	6.654583e-05	2.445880e-04	2.444464e-04	2.878317e-03
455           	5.093865e-05	1.840302e-04	1.846995e-04	2.812835e-03
456           	6.298061e-05	2.451755e-04	2.471292e-04	2.831162e-03
457           	5.934800e-05	2.050681e-04	2.047730e-04	3.439868e-03
458           	7.338151e-05	2.652717e-04	2.655067e-04	2.950906e-03
459           	4.731564e-05	1.691692e-04	1.704454e-04	2.755351e-03
460           	5.915904e-05	2.270687e-04	2.288655e-04	2.869677e-03
461           	5.523857e-05	1.981886e-04	1.984433e-04	3.191929e-03
462           	7.184256e-05	2.666260e-04	2.662817e-04	3.069212e-03
463           	5.428147e-05	1.901472e-04	1.905161e-04	3.061967e-03
464           	6.247007e-05	2.402306e-04	2.411274e-04	2.747434e-03
465           	5.354468e-05	1.903397e-04	1.906277e-04	3.223070e-03
466           	7.265631e-05	2.639242e-04	2.642780e-04	3.094931e-03
467           	5.230865e-05	1.839031e-04	1.842018e-04	2.944866e-03
468           	6.140886e-05	2.350452e-04	2.384676e-04	2.825788e-03
469           	5.247411e-05	1.853332e-04	1.880533e-04	3.221983e-03
470           	6.440144e-05	2.448407e-04	2.471593e-04	2.887397e-03
471           	4.648965e-05	1.757262e-04	1.758094e-04	2.874870e-03
472           	5.901132e-05	2.350534e-04	2.333531e-04	2.786051e-03
473           	5.750282e-05	2.073285e-04	2.066240e-04	3.018933e-03
474           	6.795758e-05	2.508271e-04	2.521753e-04	2.915181e-03
475           	5.138531e-05	1.814059e-04	1.812548e-04	2.911495e-03
476           	5.896979e-05	2.262833e-04	2.291613e-04	2.679359e-03
477           	5.438259e-05	1.934605e-04	1.956189e-04	2.898366e-03
478           	6.699428e-05	2.476175e-04	2.475035e-04	2.895210e-03
479           	5.131149e-05	1.875371e-04	1.872901e-04	2.757949e-03
480           	6.202182e-05	2.360284e-04	2.381299e-04	2.742893e-03
481           	5.785185e-05	1.983810e-04	1.994850e-04	3.074764e-03
482           	6.644631e-05	2.436991e-04	2.455028e-04	2.790092e-03
483           	5.045539e-05	1.775525e-04	1.787287e-04	2.895475e-03
484           	6.309205e-05	2.336219e-04	2.376015e-04	2.874885e-03
485           	5.519221e-05	1.922567e-04	1.920496e-04	2.921443e-03
486           	6.208559e-05	2.355807e-04	2.356392e-04	2.775094e-03
487           	4.814807e-05	1.727073e-04	1.720373e-04	2.824557e-03
488           	5.655767e-05	2.205411e-04	2.216205e-04	2.618384e-03
489           	5.473900e-05	1.937947e-04	1.943344e-04	2.903941e-03
490           	6.626059e-05	2.459420e-04	2.454924e-04	2.850665e-03
491           	5.189746e-05	1.862218e-04	1.855407e-04	2.928907e-03
492           	6.302149e-05	2.380357e-04	2.393928e-04	2.822957e-03
493           	5.612037e-05	1.956401e-04	1.948362e-04	3.022645e-03
494           	6.428401e-05	2.423570e-04	2.426227e-04	2.742833e-03
495           	4.768449e-05	1.725274e-04	1.735101e-04	2.691123e-03
496           	5.985705e-05	2.268500e-04	2.293220e-04	2.757859e-03
497           	5.808410e-05	2.016141e-04	2.014065e-04	3.143669e-03
498           	6.968554e-05	2.493922e-04	2.510704e-04	2.968490e-03
499           	4.996119e-05	1.737986e-04	1.742269e-04	2.695111e-03
500           	5.366494e-05	2.114062e-04	2.106361e-04	2.499361e-03
